const uint16_t expoFallLUT[LUT_SIZE] = {

  0, 1, 2, 3, 4, 5, 6, 7, 8, 9, 
  10, 11, 13, 14, 15, 17, 18, 20, 22, 23, 
  25, 27, 29, 31, 33, 35, 37, 40, 42, 45, 
  47, 50, 53, 56, 59, 62, 66, 69, 73, 76, 
  80, 84, 89, 93, 98, 102, 107, 112, 118, 123, 
  129, 135, 141, 148, 155, 162, 169, 177, 185, 193, 
  202, 210, 220, 229, 239, 250, 261, 272, 284, 296, 
  309, 322, 336, 350, 365, 381, 397, 414, 431, 449, 
  468, 488, 508, 529, 551, 574, 598, 623, 649, 676, 
  704, 733, 763, 795, 828, 862, 897, 934, 972, 1012, 
  1054, 1097, 1142, 1188, 1237, 1287, 1340, 1395, 1451, 1511, 
  1572, 1636, 1703, 1772, 1844, 1919, 1997, 2078, 2162, 2249, 
  2341, 2435, 2534, 2637, 2743, 2854, 2970, 3090, 
};
