const uint16_t expoRiseLUT[LUT_SIZE] = {

  3090, 3089, 3088, 3087, 3086, 3085, 3084, 3083, 3082, 3081, 
  3080, 3079, 3077, 3076, 3075, 3073, 3072, 3070, 3068, 3067, 
  3065, 3063, 3061, 3059, 3057, 3055, 3053, 3050, 3048, 3045, 
  3043, 3040, 3037, 3034, 3031, 3028, 3024, 3021, 3017, 3014, 
  3010, 3006, 3001, 2997, 2992, 2988, 2983, 2978, 2972, 2967, 
  2961, 2955, 2949, 2942, 2935, 2928, 2921, 2913, 2905, 2897, 
  2888, 2880, 2870, 2861, 2851, 2840, 2829, 2818, 2806, 2794, 
  2781, 2768, 2754, 2740, 2725, 2709, 2693, 2676, 2659, 2641, 
  2622, 2602, 2582, 2561, 2539, 2516, 2492, 2467, 2441, 2414, 
  2386, 2357, 2327, 2295, 2262, 2228, 2193, 2156, 2118, 2078, 
  2036, 1993, 1948, 1902, 1853, 1803, 1750, 1695, 1639, 1579, 
  1518, 1454, 1387, 1318, 1246, 1171, 1093, 1012, 928, 841, 
  749, 655, 556, 453, 347, 236, 120, 0, 
};
