const uint16_t invExpoRiseLUT[LUT_SIZE] = {

  0, 120, 236, 347, 453, 556, 655, 749, 841, 928, 
  1012, 1093, 1171, 1246, 1318, 1387, 1454, 1518, 1579, 1639, 
  1695, 1750, 1803, 1853, 1902, 1948, 1993, 2036, 2078, 2118, 
  2156, 2193, 2228, 2262, 2295, 2327, 2357, 2386, 2414, 2441, 
  2467, 2492, 2516, 2539, 2561, 2582, 2602, 2622, 2641, 2659, 
  2676, 2693, 2709, 2725, 2740, 2754, 2768, 2781, 2794, 2806, 
  2818, 2829, 2840, 2851, 2861, 2870, 2880, 2888, 2897, 2905, 
  2913, 2921, 2928, 2935, 2942, 2949, 2955, 2961, 2967, 2972, 
  2978, 2983, 2988, 2992, 2997, 3001, 3006, 3010, 3014, 3017, 
  3021, 3024, 3028, 3031, 3034, 3037, 3040, 3043, 3045, 3048, 
  3050, 3053, 3055, 3057, 3059, 3061, 3063, 3065, 3067, 3068, 
  3070, 3072, 3073, 3075, 3076, 3077, 3079, 3080, 3081, 3082, 
  3083, 3084, 3085, 3086, 3087, 3088, 3089, 3090, 
};
