const uint16_t invExpoFallLUT[LUT_SIZE] = {

  3090, 2970, 2854, 2743, 2637, 2534, 2435, 2341, 2249, 2162, 
  2078, 1997, 1919, 1844, 1772, 1703, 1636, 1572, 1511, 1451, 
  1395, 1340, 1287, 1237, 1188, 1142, 1097, 1054, 1012, 972, 
  934, 897, 862, 828, 795, 763, 733, 704, 676, 649, 
  623, 598, 574, 551, 529, 508, 488, 468, 449, 431, 
  414, 397, 381, 365, 350, 336, 322, 309, 296, 284, 
  272, 261, 250, 239, 229, 220, 210, 202, 193, 185, 
  177, 169, 162, 155, 148, 141, 135, 129, 123, 118, 
  112, 107, 102, 98, 93, 89, 84, 80, 76, 73, 
  69, 66, 62, 59, 56, 53, 50, 47, 45, 42, 
  40, 37, 35, 33, 31, 29, 27, 25, 23, 22, 
  20, 18, 17, 15, 14, 13, 11, 10, 9, 8, 
  7, 6, 5, 4, 3, 2, 1, 0, 
};
