const uint16_t myLUT_11[LUT_SIZE] = {
  3090, 3065, 3041, 3017, 2992, 2968, 2944, 2919, 2895, 2871,
  2846, 2822, 2798, 2773, 2749, 2725, 2700, 2676, 2652, 2627,
  2603, 2579, 2554, 2530, 2506, 2481, 2457, 2433, 2408, 2384,
  2360, 2335, 2311, 2287, 2262, 2238, 2214, 2189, 2165, 2141,
  2116, 2092, 2068, 2043, 2019, 1995, 1970, 1946, 1922, 1897,
  1873, 1849, 1824, 1800, 1776, 1751, 1727, 1703, 1678, 1654,
  1630, 1605, 1581, 1557, 1532, 1508, 1484, 1459, 1435, 1411,
  1386, 1362, 1338, 1313, 1289, 1265, 1240, 1216, 1192, 1167,
  1143, 1119, 1094, 1070, 1046, 1021, 997, 973, 948, 924,
  900, 875, 851, 827, 802, 778, 754, 729, 705, 681,
  656, 632, 608, 583, 559, 535, 510, 486, 462, 437,
  413, 389, 364, 340, 316, 291, 267, 243, 218, 194,
  170, 145, 121, 97, 72, 48, 24, 0
};
