const uint16_t myLUT_12[LUT_SIZE] = {
  0, 24, 48, 72, 97, 121, 145, 170, 194, 218,
  243, 267, 291, 316, 340, 364, 389, 413, 437, 462,
  486, 510, 535, 559, 583, 608, 632, 656, 681, 705,
  729, 754, 778, 802, 827, 851, 875, 900, 924, 948,
  973, 997, 1021, 1046, 1070, 1094, 1119, 1143, 1167, 1192,
  1216, 1240, 1265, 1289, 1313, 1338, 1362, 1386, 1411, 1435,
  1459, 1484, 1508, 1532, 1557, 1581, 1605, 1630, 1654, 1678,
  1703, 1727, 1751, 1776, 1800, 1824, 1849, 1873, 1897, 1922,
  1946, 1970, 1995, 2019, 2043, 2068, 2092, 2116, 2141, 2165,
  2189, 2214, 2238, 2262, 2287, 2311, 2335, 2360, 2384, 2408,
  2433, 2457, 2481, 2506, 2530, 2554, 2579, 2603, 2627, 2652,
  2676, 2700, 2725, 2749, 2773, 2798, 2822, 2846, 2871, 2895,
  2919, 2944, 2968, 2992, 3017, 3041, 3065, 3090
};
