const uint16_t myLUT_5[LUT_SIZE] = {
  0, 1, 7, 16, 29, 46, 66, 90, 117, 148,
  182, 219, 260, 304, 350, 400, 452, 507, 564, 624,
  686, 750, 816, 884, 953, 1024, 1096, 1169, 1243, 1318,
  1393, 1469, 1545, 1620, 1696, 1771, 1846, 1920, 1993, 2065,
  2136, 2205, 2273, 2339, 2403, 2465, 2525, 2582, 2637, 2689,
  2739, 2785, 2829, 2870, 2907, 2941, 2972, 2999, 3023, 3043,
  3060, 3073, 3082, 3088, 3090, 3088, 3082, 3073, 3060, 3043,
  3023, 2999, 2972, 2941, 2907, 2870, 2829, 2785, 2739, 2689,
  2637, 2582, 2525, 2465, 2403, 2339, 2273, 2205, 2136, 2065,
  1993, 1920, 1846, 1771, 1696, 1620, 1545, 1469, 1393, 1318,
  1243, 1169, 1096, 1024, 953, 884, 816, 750, 686, 624,
  564, 507, 452, 400, 350, 304, 260, 219, 182, 148,
  117, 90, 66, 46, 29, 16, 7, 1
};
