const uint16_t myLUT_1[LUT_SIZE] = {
  3080, 3081, 3081, 3081, 3081, 3081, 3082, 3082, 3082, 3082,
  3082, 3082, 3083, 3083, 3083, 3083, 3083, 2256, 2207, 2159,
  2110, 2061, 2013, 1964, 1916, 1867, 1819, 1770, 1722, 1673,
  1625, 1576, 1528, 3087, 3087, 3087, 3087, 3087, 3088, 3088,
  3088, 3088, 3088, 3089, 3089, 3089, 3089, 3089, 3090, 703,
  654, 606, 557, 509, 460, 412, 363, 315, 266, 218,
  169, 121, 72, 24, 0, 3020, 2971, 2923, 2874, 2826,
  2777, 2729, 2680, 2632, 2583, 2534, 2486, 2437, 2389, 2340,
  2292, 3, 3, 3, 3, 3, 4, 4, 4, 4,
  4, 5, 5, 5, 5, 5, 6, 1467, 1419, 1370,
  1322, 1273, 1224, 1176, 1127, 1079, 1030, 982, 933, 885,
  836, 788, 739, 9, 9, 9, 9, 10, 10, 10,
  10, 10, 11, 11, 11, 11, 11, 11
};
