const uint16_t myLUT_3[LUT_SIZE] = {
  9, 8, 8, 8, 8, 8, 7, 7, 7, 7,
  7, 7, 6, 6, 6, 6, 786, 834, 883, 931,
  980, 1029, 1077, 1126, 1174, 1223, 1271, 1320, 1369, 1417,
  1466, 1514, 3, 2, 2, 2, 2, 2, 1, 1,
  1, 1, 1, 0, 0, 0, 0, 0, 0, 2389,
  2437, 2486, 2534, 2583, 2631, 2680, 2729, 2777, 2826, 2874,
  2923, 2971, 3020, 3069, 21, 69, 118, 167, 215, 264,
  312, 361, 409, 458, 507, 555, 604, 652, 701, 749,
  798, 3090, 3089, 3089, 3089, 3089, 3089, 3088, 3088, 3088,
  3088, 3088, 3087, 3087, 3087, 3087, 3087, 1624, 1672, 1721,
  1769, 1818, 1866, 1915, 1964, 2012, 2061, 2109, 2158, 2206,
  2255, 2304, 2352, 3083, 3083, 3083, 3083, 3083, 3082, 3082,
  3082, 3082, 3082, 3082, 3081, 3081, 3081, 3081
};
