const uint16_t myLUT_4[LUT_SIZE] = {
  3078, 3029, 2981, 2932, 2884, 2835, 2787, 2738, 2690, 2641,
  2593, 2544, 2496, 2447, 2399, 2350, 3081, 3081, 3081, 3081,
  3081, 3082, 3082, 3082, 3082, 3082, 3082, 3083, 3083, 3083,
  3083, 3083, 1526, 1478, 1429, 1381, 1332, 1284, 1236, 1187,
  1139, 1090, 1042, 993, 945, 896, 848, 799, 751, 3087,
  3087, 3087, 3087, 3088, 3088, 3088, 3088, 3088, 3089, 3089,
  3089, 3089, 3089, 3090, 0, 0, 0, 0, 0, 0,
  1, 1, 1, 1, 1, 2, 2, 2, 2, 2,
  3, 2241, 2193, 2144, 2096, 2047, 1999, 1950, 1902, 1854,
  1805, 1757, 1708, 1660, 1611, 1563, 1514, 6, 6, 6,
  6, 7, 7, 7, 7, 7, 7, 8, 8, 8,
  8, 8, 9, 690, 642, 593, 545, 496, 448, 399,
  351, 302, 254, 205, 157, 108, 60, 11
};
