const uint16_t myLUT_2[LUT_SIZE] = {
  11, 60, 108, 157, 205, 254, 302, 351, 399, 448,
  496, 545, 593, 642, 690, 739, 787, 8, 8, 8,
  8, 7, 7, 7, 7, 7, 7, 6, 6, 6,
  6, 6, 5, 1611, 1660, 1708, 1757, 1805, 1854, 1902,
  1951, 1999, 2048, 2096, 2144, 2193, 2241, 2290, 2338, 2,
  2, 2, 2, 1, 1, 1, 1, 1, 0, 0,
  0, 0, 0, 0, 24, 3090, 3089, 3089, 3089, 3089,
  3089, 3088, 3088, 3088, 3088, 3088, 3087, 3087, 3087, 3087,
  3087, 848, 896, 945, 993, 1042, 1090, 1139, 1187, 1236,
  1284, 1333, 1381, 1429, 1478, 1526, 1575, 3083, 3083, 3083,
  3083, 3083, 3082, 3082, 3082, 3082, 3082, 3082, 3081, 3081,
  3081, 3081, 3081, 2399, 2448, 2496, 2544, 2593, 2641, 2690,
  2738, 2787, 2835, 2884, 2932, 2981, 3029, 3078
};
