const uint16_t myLUT_6[LUT_SIZE] = {
  0, 48, 96, 144, 193, 241, 289, 337, 386, 434,
  482, 531, 579, 627, 675, 724, 772, 820, 869, 917,
  965, 1013, 1062, 1110, 1158, 1207, 1255, 1303, 1351, 1400,
  1448, 1496, 1545, 1593, 1641, 1689, 1738, 1786, 1834, 1882,
  1931, 1979, 2027, 2076, 2124, 2172, 2220, 2269, 2317, 2365,
  2414, 2462, 2510, 2558, 2607, 2655, 2703, 2752, 2800, 2848,
  2896, 2945, 2993, 3041, 3090, 3041, 2993, 2945, 2896, 2848,
  2800, 2752, 2703, 2655, 2607, 2558, 2510, 2462, 2414, 2365,
  2317, 2269, 2220, 2172, 2124, 2076, 2027, 1979, 1931, 1882,
  1834, 1786, 1738, 1689, 1641, 1593, 1545, 1496, 1448, 1400,
  1351, 1303, 1255, 1207, 1158, 1110, 1062, 1013, 965, 917,
  869, 820, 772, 724, 675, 627, 579, 531, 482, 434,
  386, 337, 289, 241, 193, 144, 96, 48
};
