const uint16_t myLUT_2[LUT_SIZE] = {
  0, 26, 58, 93, 132, 172, 213, 254, 292, 327,
  356, 379, 396, 404, 406, 400, 389, 372, 353, 332,
  313, 296, 286, 283, 289, 307, 338, 381, 438, 508,
  589, 680, 778, 881, 986, 1089, 1188, 1277, 1355, 1417,
  1463, 1490, 1497, 1484, 1452, 1401, 1335, 1255, 1167, 1074,
  981, 893, 814, 749, 702, 676, 675, 701, 754, 834,
  939, 1068, 1217, 1382, 1557, 1729, 1892, 2038, 2166, 2270,
  2348, 2400, 2426, 2425, 2400, 2354, 2291, 2214, 2127, 2036,
  1946, 1860, 1783, 1719, 1670, 1639, 1628, 1635, 1662, 1708,
  1770, 1847, 1934, 2031, 2132, 2234, 2335, 2431, 2520, 2599,
  2667, 2722, 2764, 2794, 2812, 2819, 2816, 2807, 2792, 2774,
  2756, 2738, 2725, 2715, 2712, 2716, 2726, 2744, 2769, 2799,
  2833, 2871, 2911, 2951, 2990, 3027, 3060, 3090
};
