const uint16_t myLUT_1[LUT_SIZE] = {
  3090, 3068, 3050, 3037, 3027, 3019, 3011, 3003, 2993, 2979,
  2959, 2934, 2902, 2862, 2815, 2760, 2700, 2635, 2567, 2498,
  2429, 2364, 2305, 2253, 2211, 2181, 2162, 2157, 2165, 2186,
  2219, 2261, 2311, 2366, 2422, 2476, 2526, 2566, 2595, 2610,
  2607, 2585, 2543, 2482, 2400, 2301, 2186, 2058, 1922, 1780,
  1638, 1501, 1373, 1260, 1164, 1090, 1040, 1017, 1021, 1052,
  1109, 1190, 1290, 1406, 1532, 1656, 1770, 1868, 1947, 2002,
  2032, 2035, 2012, 1963, 1889, 1795, 1683, 1557, 1422, 1282,
  1143, 1009, 883, 770, 673, 593, 533, 492, 470, 467,
  481, 508, 548, 595, 648, 702, 754, 801, 841, 871,
  891, 897, 891, 872, 841, 799, 748, 690, 627, 560,
  493, 427, 364, 307, 255, 210, 172, 141, 117, 98,
  84, 73, 65, 56, 46, 35, 19, 0
};
