const uint16_t expoRiseLUT[LUT_SIZE] = {

  3090, 3090, 3089, 3089, 3088, 3088, 3087, 3087, 3086, 3086, 
  3085, 3085, 3084, 3084, 3083, 3083, 3082, 3082, 3081, 3081, 
  3080, 3079, 3079, 3078, 3077, 3077, 3076, 3075, 3075, 3074, 
  3073, 3072, 3072, 3071, 3070, 3069, 3069, 3068, 3067, 3066, 
  3065, 3064, 3063, 3062, 3061, 3060, 3059, 3058, 3057, 3056, 
  3055, 3054, 3053, 3052, 3051, 3049, 3048, 3047, 3046, 3044, 
  3043, 3042, 3040, 3039, 3037, 3036, 3034, 3033, 3031, 3030, 
  3028, 3027, 3025, 3023, 3022, 3020, 3018, 3016, 3014, 3012, 
  3010, 3008, 3006, 3004, 3002, 3000, 2998, 2996, 2993, 2991, 
  2989, 2986, 2984, 2981, 2979, 2976, 2973, 2971, 2968, 2965, 
  2962, 2959, 2956, 2953, 2950, 2947, 2943, 2940, 2937, 2933, 
  2930, 2926, 2923, 2919, 2915, 2911, 2907, 2903, 2899, 2895, 
  2891, 2886, 2882, 2877, 2873, 2868, 2863, 2858, 2853, 2848, 
  2843, 2837, 2832, 2827, 2821, 2815, 2809, 2803, 2797, 2791, 
  2785, 2778, 2772, 2765, 2758, 2751, 2744, 2737, 2729, 2722, 
  2714, 2706, 2698, 2690, 2682, 2673, 2664, 2656, 2647, 2637, 
  2628, 2618, 2609, 2599, 2589, 2578, 2568, 2557, 2546, 2535, 
  2523, 2512, 2500, 2488, 2475, 2463, 2450, 2437, 2424, 2410, 
  2396, 2382, 2368, 2353, 2338, 2322, 2307, 2291, 2275, 2258, 
  2241, 2224, 2206, 2189, 2170, 2152, 2133, 2113, 2094, 2073, 
  2053, 2032, 2011, 1989, 1967, 1944, 1921, 1897, 1873, 1849, 
  1824, 1798, 1772, 1746, 1719, 1691, 1663, 1634, 1605, 1575, 
  1545, 1514, 1482, 1450, 1417, 1383, 1349, 1314, 1279, 1242, 
  1205, 1168, 1129, 1090, 1050, 1009, 968, 925, 882, 838, 
  793, 747, 700, 652, 604, 554, 503, 452, 399, 345, 
  291, 235, 178, 120, 60, 0, 
};
