const uint16_t invExpoRiseLUT[LUT_SIZE] = {

  0, 60, 120, 178, 235, 291, 345, 399, 452, 503, 
  554, 604, 652, 700, 747, 793, 838, 882, 925, 968, 
  1009, 1050, 1090, 1129, 1168, 1205, 1242, 1279, 1314, 1349, 
  1383, 1417, 1450, 1482, 1514, 1545, 1575, 1605, 1634, 1663, 
  1691, 1719, 1746, 1772, 1798, 1824, 1849, 1873, 1897, 1921, 
  1944, 1967, 1989, 2011, 2032, 2053, 2073, 2094, 2113, 2133, 
  2152, 2170, 2189, 2206, 2224, 2241, 2258, 2275, 2291, 2307, 
  2322, 2338, 2353, 2368, 2382, 2396, 2410, 2424, 2437, 2450, 
  2463, 2475, 2488, 2500, 2512, 2523, 2535, 2546, 2557, 2568, 
  2578, 2589, 2599, 2609, 2618, 2628, 2637, 2647, 2656, 2664, 
  2673, 2682, 2690, 2698, 2706, 2714, 2722, 2729, 2737, 2744, 
  2751, 2758, 2765, 2772, 2778, 2785, 2791, 2797, 2803, 2809, 
  2815, 2821, 2827, 2832, 2837, 2843, 2848, 2853, 2858, 2863, 
  2868, 2873, 2877, 2882, 2886, 2891, 2895, 2899, 2903, 2907, 
  2911, 2915, 2919, 2923, 2926, 2930, 2933, 2937, 2940, 2943, 
  2947, 2950, 2953, 2956, 2959, 2962, 2965, 2968, 2971, 2973, 
  2976, 2979, 2981, 2984, 2986, 2989, 2991, 2993, 2996, 2998, 
  3000, 3002, 3004, 3006, 3008, 3010, 3012, 3014, 3016, 3018, 
  3020, 3022, 3023, 3025, 3027, 3028, 3030, 3031, 3033, 3034, 
  3036, 3037, 3039, 3040, 3042, 3043, 3044, 3046, 3047, 3048, 
  3049, 3051, 3052, 3053, 3054, 3055, 3056, 3057, 3058, 3059, 
  3060, 3061, 3062, 3063, 3064, 3065, 3066, 3067, 3068, 3069, 
  3069, 3070, 3071, 3072, 3072, 3073, 3074, 3075, 3075, 3076, 
  3077, 3077, 3078, 3079, 3079, 3080, 3081, 3081, 3082, 3082, 
  3083, 3083, 3084, 3084, 3085, 3085, 3086, 3086, 3087, 3087, 
  3088, 3088, 3089, 3089, 3090, 3090, 
};
